350
589
377
313
516
665
747
580
390
818
723
433
192
267
552
670
653
674
12099
417
226
248
259
619
283
278
261
264
252
268
246
264
332
302
278
359
1238
257
287
256
273
281
318
210
270
260
296
225
263
328
290
281
235
265
262
290
231
214
274
219
422
281
253
273
277
341
296
297
37735
202
212
194
199
211
210
204
181
208
168
197
215
235
188
409
137
189
193
209
182
180
167
217
175
179
165
241
186
170
215
235
170
